
%% ascf
rs_corr = [1.31447068302896	1.07815546498904
0.591466367998274	0.593791880683811
0.378842981903955	0.47325324931878
0.512727248389269	0.614554665399172
2.76801195500983	3.45970222826631
1.95411068686136	1.24051346000096
1.2094736342953	0.943045511189652
1.12283077333656	1.66236105125595
0.934345010574927	0.770761274567254
1.06690021302954	1.58668319894268
1.82424987596755	2.41625055839737
1.54735461291973	0.787146021395753
5.28037643870322	3.38499656852956
1.94482247819973	2.33816869389499
1.69982803517506	1.32564503465782
0.922933637767782	1.15072440750202
1.73964807982775	1.5515980201563
0.847400823535048	0.414980750560838
0.403322210832714	1.10408538476708
0.410092978709804	0.546972621115915
1.46728233033471	2.82158126157436
0.353822062722814	0.189173072426155
1.18163781465917	0.73406867558276
0.748388593200209	0.462945289422799
0.78775080248712	1.09588257274175
0.744257314765558	1.08891892203518
0.452156600632281	0.487427147581452
0.465412678998155	0.524342368297026
0.289448396423778	1.09492789781616
0.524038669917068	0.80474253989592
0.118508946258541	0.419896398699755
5.65036191983216	5.74685187406606
4.48724836667806	5.33806286593446
1.27865127251619	3.19875016097983
1.61591103696044	1.86158571997513
1.02859859193054	2.07576004027786
2.250475995037	3.56845581436106
0.119149377258849	0.342866687247377
0.732111935373822	0.630003543576287
0.51170724685643	0.760100079959513
2.58056956760609	3.66452101213251
2.65612794258651	3.46425156237719
0.526364893643786	2.70809357730917
1.34293222095569	2.20026155376742
0.206025421629106	1.69791989528354
2.36563130451722	3.24737817038545
2.00455577916453	3.82007053564885
1.09985489091974	0.901434070902631
1.05265677848652	1.10581240786505
13.4484666157792	7.78669848192141
14.8454838877117	15.5806575966453
0.544050602582849	0.58382190165905
1.01992864859408	0.592318038803758
0.88316159578115	0.666784186096888
1.1602956070069	0.858272117977292
2.79427121264057	1.4221594777705
0.961080516650299	0.878815811549066
0.877833510803179	0.851655177060497
0.494215647211577	0.404856061899768
0.53670663031844	0.396322950779145
0.607751598050709	0.406476538610653
1.91676157854387	1.45892190008278
0.156531517458719	0.122826706557735
0.337645809891022	0.459580980950228
0.32122039565443	0.343412026293785
0.312265486274845	0.169688650521191
1.06547405650522	1.39363677451381
0.709836374284731	1.38559239514003
3.30888898485181	2.04862880061393
0.0531657370401956	0
0.326547583620698	0.209156886783586
1.04797681529367	1.11858988923467
0.242707202833664	0.218639167490156
0.234347269858562	0.4638411222726
0.0324475142244729	0.0156463163228812
6.71276541702268	4.20206909909546
3.34438484294682	3.36746922123585
0.221553393177207	0.248123651930613
0.457860830019875	0.601293693143592
0.273033071051563	0.319176880110032
0.00160464721232562	0.0025734681984682
0.0665386179594646	0.0457860829382707
0.380176821960339	0.0144883670198646
0.00457086021922856	0.00712134631894618
0.00229501466324647	0.00443774320097641
0	0.00278375813135171
0.0248704178501549	0.0401243366602105
0.0611187051550657	0.249847018006082
];

fs_corr = [2.022237215	3.050565397
4.038823037	2.792823127
1.064201389	0.955400098
4.511743893	3.30518501
1.037736615	0.898410322
18.02612717	20.73475271
9.097707285	4.433794388
2.163523514	1.792741646
0.53316966	0.745405275
3.972110089	1.849344398
1.891539459	2.317612105
2.859459927	3.189144631
1.424099613	2.17583319
5.424509781	6.498843694
5.559680442	2.479555868
5.704539354	2.696513873
2.87132204	3.946129935
0.573342548	0.695981745
0.475360386	0.716128208
0.835176588	0.91002342
8.995439177	9.49353287
38.11382524	40.25381083
12.42345444	16.98508492
1.541412491	0.787844039
7.025100268	14.01136908
2.322666613	2.630590343
16.4214981	8.483002286
0.184261519	0.245791024
2.934600145	2.62534965
20.73043632	6.733806878
3.649221126	1.767076049
12.02576695	6.894958379
2.105303528	0.778381568
12.04909154	4.407458447
5.175668213	1.976617219
3.244586799	1.3976982
3.758404282	1.381555012
25.65445317	7.63869693
1.705980323	1.093542083
13.2909956	5.955689313
1.13744312	0.704292194
0.878414367	0.759330743
2.190362665	1.083977561
15.52067357	5.483621233
];

%% ket

rs_corr = [1.31447068302896	1.07815546498904
0.591466367998274	0.593791880683811
0.378842981903955	0.47325324931878
0.512727248389269	0.614554665399172
2.76801195500983	3.45970222826631
1.95411068686136	1.24051346000096
1.2094736342953	0.943045511189652
1.12283077333656	1.66236105125595
0.934345010574927	0.770761274567254
1.06690021302954	1.58668319894268
1.82424987596755	2.41625055839737
1.54735461291973	0.787146021395753
5.28037643870322	3.38499656852956
1.94482247819973	2.33816869389499
1.69982803517506	1.32564503465782
0.922933637767782	1.15072440750202
1.73964807982775	1.5515980201563
0.847400823535048	0.414980750560838
0.403322210832714	1.10408538476708
0.410092978709804	0.546972621115915
1.46728233033471	2.82158126157436
0.353822062722814	0.189173072426155
1.18163781465917	0.73406867558276
0.748388593200209	0.462945289422799
0.78775080248712	1.09588257274175
0.744257314765558	1.08891892203518
0.452156600632281	0.487427147581452
0.465412678998155	0.524342368297026
0.289448396423778	1.09492789781616
0.524038669917068	0.80474253989592
0.118508946258541	0.419896398699755
5.65036191983216	5.74685187406606
4.48724836667806	5.33806286593446
1.27865127251619	3.19875016097983
1.61591103696044	1.86158571997513
1.02859859193054	2.07576004027786
2.250475995037	3.56845581436106
0.119149377258849	0.342866687247377
0.732111935373822	0.630003543576287
0.51170724685643	0.760100079959513
2.58056956760609	3.66452101213251
2.65612794258651	3.46425156237719
0.526364893643786	2.70809357730917
1.34293222095569	2.20026155376742
0.206025421629106	1.69791989528354
2.36563130451722	3.24737817038545
2.00455577916453	3.82007053564885
1.09985489091974	0.901434070902631
1.05265677848652	1.10581240786505
13.4484666157792	7.78669848192141
14.8454838877117	15.5806575966453
0.544050602582849	0.58382190165905
1.01992864859408	0.592318038803758
0.88316159578115	0.666784186096888
1.1602956070069	0.858272117977292
2.79427121264057	1.4221594777705
0.961080516650299	0.878815811549066
0.877833510803179	0.851655177060497
0.494215647211577	0.404856061899768
0.53670663031844	0.396322950779145
0.607751598050709	0.406476538610653
1.91676157854387	1.45892190008278
0.156531517458719	0.122826706557735
0.337645809891022	0.459580980950228
0.32122039565443	0.343412026293785
0.312265486274845	0.169688650521191
1.06547405650522	1.39363677451381
0.709836374284731	1.38559239514003
3.30888898485181	2.04862880061393
0.0531657370401956	0
0.326547583620698	0.209156886783586
1.04797681529367	1.11858988923467
0.242707202833664	0.218639167490156
0.234347269858562	0.4638411222726
0.0324475142244729	0.0156463163228812
6.71276541702268	4.20206909909546
3.34438484294682	3.36746922123585
0.221553393177207	0.248123651930613
0.457860830019875	0.601293693143592
0.273033071051563	0.319176880110032
0.00160464721232562	0.0025734681984682
0.0665386179594646	0.0457860829382707
0.380176821960339	0.0144883670198646
0.00457086021922856	0.00712134631894618
0.00229501466324647	0.00443774320097641
0	0.00278375813135171
0.0248704178501549	0.0401243366602105
0.0611187051550657	0.249847018006082
    ];

